   0.0000000e+00   1.6893767e-44
   4.0000000e+00   3.2332916e-44
   8.0000000e+00   3.0551284e-44
   1.2000000e+01   3.0363838e-44
   1.6000000e+01   3.1737654e-44
   2.0000000e+01   3.4470435e-44
   2.4000000e+01   3.2673307e-44
   2.8000000e+01   3.0165626e-44
   3.2000000e+01   3.2088572e-44
   3.6000000e+01   2.9494833e-44
   4.0000000e+01   2.3617928e-44
   4.4000000e+01   1.7596411e-44
   4.8000000e+01   1.2627844e-44
   5.2000000e+01   8.9990778e-45
   5.6000000e+01   6.9211471e-45
   6.0000000e+01   5.3171313e-45
   6.4000000e+01   4.2254249e-45
   6.8000000e+01   3.2330919e-45
   7.2000000e+01   2.6386418e-45
   7.6000000e+01   2.1534373e-45
   8.0000000e+01   1.8099458e-45
   8.4000000e+01   1.5331535e-45
   8.8000000e+01   1.2346427e-45
   9.2000000e+01   1.0868581e-45
   9.6000000e+01   9.3440212e-46
   1.0000000e+02   8.3223536e-46
   1.0400000e+02   7.5875564e-46
   1.0800000e+02   6.8643807e-46
   1.1200000e+02   5.7197059e-46
   1.1600000e+02   5.2135522e-46
   1.2000000e+02   5.3076523e-46
   1.2400000e+02   4.7236173e-46
   1.2800000e+02   4.4128178e-46
   1.3200000e+02   4.2468814e-46
   1.3600000e+02   4.2107587e-46
   1.4000000e+02   3.9959337e-46
   1.4400000e+02   4.0418524e-46
   1.4800000e+02   4.1041769e-46
   1.5200000e+02   4.1871526e-46
   1.5600000e+02   3.7977627e-46
   1.6000000e+02   3.7179011e-46
   1.6400000e+02   3.8541243e-46
   1.6800000e+02   3.8539532e-46
   1.7200000e+02   3.8308215e-46
   1.7600000e+02   3.9573521e-46
   1.8000000e+02   4.0266053e-46
   1.8400000e+02   4.0774942e-46
   1.8800000e+02   4.0342994e-46
   1.9200000e+02   4.3430141e-46
   1.9600000e+02   4.4134621e-46
   2.0000000e+02   4.3224210e-46
   2.0400000e+02   4.1663886e-46
   2.0800000e+02   4.4022528e-46
   2.1200000e+02   4.6151886e-46
   2.1600000e+02   4.5491139e-46
   2.2000000e+02   4.7326174e-46
   2.2400000e+02   4.8195772e-46
   2.2800000e+02   4.9689807e-46
   2.3200000e+02   5.3009046e-46
   2.3600000e+02   5.4416627e-46
   2.4000000e+02   5.5975733e-46
   2.4400000e+02   5.8747081e-46
   2.4800000e+02   5.9976931e-46
   2.5200000e+02   5.8486165e-46
   2.5600000e+02   5.9510405e-46
   2.6000000e+02   6.0363987e-46
   2.6400000e+02   6.0273887e-46
   2.6800000e+02   6.7746752e-46
   2.7200000e+02   6.9158239e-46
   2.7600000e+02   6.6249132e-46
   2.8000000e+02   6.8701386e-46
   2.8400000e+02   6.8390094e-46
   2.8800000e+02   7.6596371e-46
   2.9200000e+02   7.7894919e-46
   2.9600000e+02   7.7983648e-46
   3.0000000e+02   8.0854753e-46
   3.0400000e+02   8.2962270e-46
   3.0800000e+02   8.7265165e-46
   3.1200000e+02   8.9083277e-46
   3.1600000e+02   9.2167636e-46
   3.2000000e+02   8.9994953e-46
   3.2400000e+02   9.1666271e-46
   3.2800000e+02   9.6020133e-46
   3.3200000e+02   9.7480829e-46
   3.3600000e+02   9.6032894e-46
   3.4000000e+02   1.0069147e-45
   3.4400000e+02   1.0072743e-45
   3.4800000e+02   1.1110853e-45
   3.5200000e+02   1.0880720e-45
   3.5600000e+02   1.0865126e-45
   3.6000000e+02   1.0789919e-45
   3.6400000e+02   1.0969345e-45
   3.6800000e+02   1.1505647e-45
   3.7200000e+02   1.1144875e-45
   3.7600000e+02   1.2200034e-45
   3.8000000e+02   1.2908656e-45
   3.8400000e+02   1.2915329e-45
   3.8800000e+02   1.2285792e-45
   3.9200000e+02   1.1804752e-45
   3.9600000e+02   1.3256842e-45
   4.0000000e+02   1.3587540e-45
   4.0400000e+02   1.3287668e-45
   4.0800000e+02   1.4754080e-45
   4.1200000e+02   1.4552140e-45
   4.1600000e+02   1.4232921e-45
   4.2000000e+02   1.4787810e-45
   4.2400000e+02   1.4413576e-45
   4.2800000e+02   1.4486705e-45
   4.3200000e+02   1.5516385e-45
   4.3600000e+02   1.6336788e-45
   4.4000000e+02   1.6154081e-45
   4.4400000e+02   1.6726355e-45
   4.4800000e+02   1.6270904e-45
   4.5200000e+02   1.6725028e-45
   4.5600000e+02   1.6655604e-45
   4.6000000e+02   1.7320039e-45
   4.6400000e+02   1.7363132e-45
   4.6800000e+02   1.8121743e-45
   4.7200000e+02   1.8523723e-45
   4.7600000e+02   1.8489142e-45
   4.8000000e+02   1.8984940e-45
   4.8400000e+02   1.9270638e-45
   4.8800000e+02   1.9257392e-45
   4.9200000e+02   1.9218907e-45
   4.9600000e+02   1.9417121e-45
   5.0000000e+02   2.0218778e-45
   5.0400000e+02   2.0484291e-45
   5.0800000e+02   2.0605147e-45
   5.1200000e+02   2.0227378e-45
   5.1600000e+02   2.0537884e-45
   5.2000000e+02   2.1349697e-45
   5.2400000e+02   2.1087525e-45
   5.2800000e+02   2.1517101e-45
   5.3200000e+02   2.2970601e-45
   5.3600000e+02   2.5505234e-45
   5.4000000e+02   2.3025459e-45
   5.4400000e+02   2.5113971e-45
   5.4800000e+02   2.3846489e-45
   5.5200000e+02   2.3440102e-45
   5.5600000e+02   2.4418233e-45
   5.6000000e+02   2.4897453e-45
   5.6400000e+02   2.5007886e-45
   5.6800000e+02   2.7039052e-45
   5.7200000e+02   2.5995453e-45
   5.7600000e+02   2.8484808e-45
   5.8000000e+02   2.8190348e-45
   5.8400000e+02   2.7308379e-45
   5.8800000e+02   2.7745633e-45
   5.9200000e+02   2.8868690e-45
   5.9600000e+02   2.8297109e-45
   6.0000000e+02   3.0208551e-45
   6.0400000e+02   2.9630407e-45
   6.0800000e+02   2.9997954e-45
   6.1200000e+02   2.9866031e-45
   6.1600000e+02   2.9880715e-45
   6.2000000e+02   2.9659469e-45
   6.2400000e+02   3.0710465e-45
   6.2800000e+02   3.1473479e-45
   6.3200000e+02   3.2983028e-45
   6.3600000e+02   3.2213227e-45
   6.4000000e+02   3.2939505e-45
   6.4400000e+02   3.1636415e-45
   6.4800000e+02   3.2140592e-45
   6.5200000e+02   3.3177837e-45
   6.5600000e+02   3.4700259e-45
   6.6000000e+02   3.5464313e-45
   6.6400000e+02   3.5628709e-45
   6.6800000e+02   3.5746682e-45
   6.7200000e+02   3.7334930e-45
   6.7600000e+02   3.9285291e-45
   6.8000000e+02   3.8376470e-45
   6.8400000e+02   3.7335294e-45
   6.8800000e+02   4.0199655e-45
   6.9200000e+02   3.8897737e-45
   6.9600000e+02   3.5595976e-45
   7.0000000e+02   3.7086161e-45
   7.0400000e+02   3.7857265e-45
   7.0800000e+02   4.0058526e-45
   7.1200000e+02   4.0260478e-45
   7.1600000e+02   4.1240804e-45
   7.2000000e+02   3.9926029e-45
   7.2400000e+02   4.0360552e-45
   7.2800000e+02   4.1677741e-45
   7.3200000e+02   3.9482785e-45
   7.3600000e+02   3.7828348e-45
   7.4000000e+02   3.5680219e-45
   7.4400000e+02   3.6681279e-45
   7.4800000e+02   3.8096156e-45
   7.5200000e+02   3.9410997e-45
   7.5600000e+02   3.8464237e-45
   7.6000000e+02   3.8917006e-45
   7.6400000e+02   3.7756384e-45
   7.6800000e+02   3.8709438e-45
   7.7200000e+02   3.7389778e-45
   7.7600000e+02   3.7524747e-45
   7.8000000e+02   4.1324764e-45
   7.8400000e+02   4.0901618e-45
   7.8800000e+02   3.7960312e-45
   7.9200000e+02   3.9375606e-45
   7.9600000e+02   4.0134963e-45
   8.0000000e+02   3.9605207e-45
   8.0400000e+02   3.9043428e-45
   8.0800000e+02   4.0497750e-45
   8.1200000e+02   3.7030292e-45
   8.1600000e+02   3.7626553e-45
   8.2000000e+02   3.7822600e-45
   8.2400000e+02   3.4945915e-45
   8.2800000e+02   3.7234895e-45
   8.3200000e+02   3.9300837e-45
   8.3600000e+02   3.7542571e-45
   8.4000000e+02   4.0593619e-45
   8.4400000e+02   4.0281336e-45
   8.4800000e+02   4.1550903e-45
   8.5200000e+02   4.0641836e-45
   8.5600000e+02   3.8748887e-45
   8.6000000e+02   4.1134735e-45
   8.6400000e+02   4.1031897e-45
   8.6800000e+02   3.9639167e-45
   8.7200000e+02   3.8025678e-45
   8.7600000e+02   3.6587321e-45
   8.8000000e+02   3.8256325e-45
   8.8400000e+02   3.7916333e-45
   8.8800000e+02   3.9776375e-45
   8.9200000e+02   3.9806563e-45
   8.9600000e+02   3.9365148e-45
   9.0000000e+02   3.7707796e-45
   9.0400000e+02   3.8291613e-45
   9.0800000e+02   4.0358101e-45
   9.1200000e+02   3.9331098e-45
   9.1600000e+02   3.9957066e-45
   9.2000000e+02   4.2739150e-45
   9.2400000e+02   4.1428730e-45
   9.2800000e+02   3.9011675e-45
   9.3200000e+02   3.8732862e-45
   9.3600000e+02   3.6209781e-45
   9.4000000e+02   3.8037429e-45
   9.4400000e+02   4.0947418e-45
   9.4800000e+02   4.1386214e-45
   9.5200000e+02   3.8433783e-45
   9.5600000e+02   3.6206316e-45
   9.6000000e+02   3.7728470e-45
   9.6400000e+02   4.0090420e-45
   9.6800000e+02   3.8061615e-45
   9.7200000e+02   4.0019471e-45
   9.7600000e+02   3.9808658e-45
   9.8000000e+02   3.7271165e-45
   9.8400000e+02   3.7357109e-45
   9.8800000e+02   3.8349630e-45
   9.9200000e+02   3.9563815e-45
   9.9600000e+02   3.8621798e-45
   1.0000000e+03   4.1383501e-45
   1.0040000e+03   4.3166037e-45
   1.0080000e+03   4.1416247e-45
   1.0120000e+03   3.8008498e-45
   1.0160000e+03   3.9039207e-45
   1.0200000e+03   3.9785441e-45
   1.0240000e+03   1.9113956e-45
